time	level
1976
	1	0.0955
	2	0.1275
	3	0.167
	4	0.177
	5	0.199
	6	0.236
	7	0.2895
	8	0.112
	9	0.189
	10	0.119
	11	0.101
	12	0.11
1977
	1	0.139
	2	0.136
	3	0.108
	4	0.07
	5	0.073
	6	0.102
	7	0.215
	8	0.311
	9	0.315
	10	0.28500000000000003
	11	0.187
	12	0.139
1978
	1	0.0955
	2	0.1275
	3	0.212
	4	0.205
	5	0.18
	6	0.236
	7	0.242
	8	0.244
	9	0.267
	10	0.275
	11	0.186
	12	0.095
1979
	1	0.036
	2	0.124
	3	0.126
	4	0.144
	5	0.184
	6	0.236
	7	0.249
	8	0.31
	9	0.296
	10	0.372
	11	0.203
	12	0.016
1980
	1	0.0
	2	0.043
	3	0.13
	4	0.161
	5	0.251
	6	0.248
	7	0.286
	8	0.289
	9	0.365
	10	0.307
	11	0.336
	12	0.162
1981
	1	0.064
	2	0.073
	3	0.05
	4	0.268
	5	0.184
	6	0.236
	7	0.2895
	8	0.311
	9	0.315
	10	0.28500000000000003
	11	0.187
	12	0.139
1982
	1	0.0955
	2	0.1275
	3	0.167
	4	0.177
	5	0.199
	6	0.236
	7	0.2895
	8	0.311
	9	0.315
	10	0.28500000000000003
	11	0.187
	12	0.139
1983
	1	0.0955
	2	0.1275
	3	0.174
	4	0.167
	5	0.198
	6	0.223
	7	0.349
	8	0.278
	9	0.245
	10	0.211
	11	0.1485
	12	0.086
1984
	1	0.084
	2	0.131
	3	0.14
	4	0.184
	5	0.27
	6	0.292
	7	0.171
	8	0.311
	9	0.315
	10	0.29
	11	0.20099999999999998
	12	0.112
1985
	1	0.017
	2	0.147
	3	0.188
	4	0.142
	5	0.128
	6	0.251
	7	0.324
	8	0.397
	9	0.399
	10	0.207
	11	0.144
	12	0.15
1986
	1	0.082
	2	0.113
	3	0.222
	4	0.175
	5	0.177
	6	0.18
	7	0.2505
	8	0.321
	9	0.271
	10	0.225
	11	0.254
	12	0.153
1987
	1	0.074
	2	0.047
	3	0.078
	4	0.153
	5	0.153
	6	0.3055
	7	0.458
	8	0.302
	9	0.383
	10	0.225
	11	0.175
	12	0.193
1988
	1	0.15
	2	0.091
	3	0.138
	4	0.113
	5	0.178
	6	0.236
	7	0.264
	8	0.311
	9	0.27
	10	0.324
	11	0.096
	12	-0.011
1989
	1	0.044
	2	0.03
	3	0.151
	4	0.169
	5	0.191
	6	0.206
	7	0.311
	8	0.358
	9	0.315
	10	0.231
	11	0.107
	12	0.073
1990
	1	0.101
	2	0.055
	3	0.1
	4	0.175
	5	0.181
	6	0.258
	7	0.285
	8	0.311
	9	0.315
	10	0.28500000000000003
	11	0.133
	12	0.083
1991
	1	0.008
	2	0.18
	3	0.106
	4	0.103
	5	0.161
	6	0.249
	7	0.2895
	8	0.311
	9	0.315
	10	0.28500000000000003
	11	0.187
	12	0.139
1992
	1	0.0955
	2	0.1275
	3	0.167
	4	0.177
	5	0.199
	6	0.236
	7	0.2895
	8	0.295
	9	0.345
	10	0.277
	11	0.109
	12	0.15
1993
	1	0.085
	2	0.06
	3	0.096
	4	0.138
	5	0.134
	6	0.112
	7	0.094
	8	0.208
	9	0.263
	10	0.158
	11	0.051
	12	0.117
1994
	1	0.099
	2	0.1395
	3	0.18
	4	0.246
	5	0.211
	6	0.207
	7	0.288
	8	0.276
	9	0.156
	10	0.11449999999999999
	11	0.073
	12	0.028
1995
	1	0.078
	2	0.075
	3	0.083
	4	0.125
	5	0.2
	6	0.149
	7	0.131
	8	0.227
	9	0.203
	10	0.144
	11	0.171
	12	0.199
1996
	1	0.116
	2	0.065
	3	0.07
	4	0.15
	5	0.175
	6	0.218
	7	0.304
	8	0.183
	9	0.238
	10	0.226
	11	0.08
	12	-0.148
1997
	1	0.003
	2	0.079
	3	0.096
	4	0.095
	5	0.177
	6	0.23
	7	0.238
	8	0.274
	9	0.237
	10	0.164
	11	0.117
	12	0.137
1998
	1	0.088
	2	0.064
	3	0.105
	4	0.108
	5	0.18
	6	0.219
	7	0.213
	8	0.251
	9	0.241
	10	0.209
	11	0.241
	12	0.205
1999
	1	0.145
	2	0.1
	3	0.185
	4	0.193
	5	0.17
	6	0.211
	7	0.236
	8	0.31
	9	0.271
	10	0.32
	11	0.197
	12	0.159
2000
	1	0.137
	2	0.141
	3	0.227
	4	0.171
	5	0.185
	6	0.21
	7	0.276
	8	0.291
	9	0.271
	10	0.281
	11	0.187
	12	0.1
2001
	1	0.06
	2	0.036
	3	0.166
	4	0.284
	5	0.263
	6	0.328
	7	0.396
	8	0.419
	9	0.43
	10	0.307
	11	0.247
	12	0.129
2002
	1	0.123
	2	0.145
	3	0.145
	4	0.135
	5	0.148
	6	0.162
	7	0.258
	8	0.245
	9	0.186
	10	0.16
	11	0.134
	12	0.097
2003
	1	-0.007
	2	0.169
	3	0.149
	4	0.2
	5	0.184
	6	0.213
	7	0.215
	8	0.375
	9	0.373
	10	0.308
	11	0.238
	12	0.161
2004
	1	0.061
	2	0.072
	3	0.185
	4	0.169
	5	0.255
	6	0.302
	7	0.308
	8	0.317
	9	0.274
	10	0.3
	11	0.158
	12	-0.125
2005
	1	0.051
	2	0.072
	3	0.035
	4	0.149
	5	0.174
	6	0.191
	7	0.293
	8	0.3
	9	0.325
	10	0.268
	11	0.253
	12	0.145
2006
	1	0.143
	2	0.181
	3	0.171
	4	0.241
	5	0.241
	6	0.218
	7	0.255
	8	0.256
	9	0.224
	10	0.223
	11	0.167
	12	0.128
2007
	1	0.066
	2	0.07
	3	0.188
	4	0.177
	5	0.227
	6	0.246
	7	0.277
	8	0.389
	9	0.36
	10	0.275
	11	0.274
	12	0.191
2008
	1	0.072
	2	0.044
	3	0.054
	4	0.155
	5	0.22
	6	0.171
	7	0.209
	8	0.232
	9	0.208
	10	0.105
	11	0.139
	12	0.094
2009
	1	0.22
	2	0.217
	3	0.237
	4	0.296
	5	0.312
	6	0.404
	7	0.377
	8	0.496
	9	0.401
	10	0.338
	11	0.205
	12	0.133
2010
	1	0.092
	2	0.136
	3	0.158
	4	0.187
	5	0.228
	6	0.235
	7	0.291
	8	0.356
	9	0.305
	10	0.327
	11	0.236
	12	0.171
2011
	1	0.109
	2	0.174
	3	0.168
	4	0.158
	5	0.251
	6	0.277
	7	0.359
	8	0.357
	9	0.311
	10	0.263
	11	0.185
	12	0.125
2012
	1	0.087
	2	0.176
	3	0.256
	4	0.208
	5	0.274
	6	0.293
	7	0.301
	8	0.346
	9	0.353
	10	0.297
	11	0.16
	12	0.139
2013
	1	0.105
	2	0.081
	3	0.124
	4	0.217
	5	0.186
	6	0.189
	7	0.247
	8	0.301
	9	0.339
	10	0.34
	11	0.16
	12	0.177
2014
	1	0.212
	2	0.257
	3	0.229
	4	0.309
	5	0.284
	6	0.369
	7	0.408
	8	0.376
	9	0.377
	10	0.413
	11	0.326
	12	0.235
2015
	1	0.0955
	2	0.1275
	3	0.167
	4	0.25
	5	0.274
	6	0.298
	7	0.405
	8	0.451
	9	0.399
	10	0.349
	11	0.246
	12	0.215
2016
	1	0.252
	2	0.217
	3	0.2695
	4	0.322
	5	0.347
	6	0.308
	7	0.35
	8	0.444
	9	0.48
	10	0.343
	11	0.315
	12	0.235
2017
	1	0.15
	2	0.242
	3	0.299
	4	0.295
	5	0.234
	6	0.338
	7	0.339
	8	0.395
	9	0.391
	10	0.424
	11	0.269
	12	0.211
2018
	1	0.162
	2	0.159
	3	0.189
	4	0.247
	5	0.232
	6	0.321
	7	0.39
	8	0.428
	9	0.408
	10	0.32
	11	0.229
	12	0.194
2019
	1	0.248
	2	0.208
	3	0.262
	4	0.281
	5	0.329
	6	0.332
	7	0.375
	8	0.366
	9	0.361
	10	0.289
	11	0.281
	12	0.134
2020
	1	0.146
	2	0.195
	3	0.174
	4	0.232
	5	0.274
	6	0.332
	7	0.356
	8	0.371
	9	0.392
	10	0.416
	11	0.292
	12	0.244
2021
	1	0.11
	2	0.083
	3	0.17
	4	0.274
	5	0.261
	6	0.276
	7	0.362
	8	0.337
	9	0.342
	10	0.434
	11	0.514
	12	0.49
2022
	1	0.482
	2	0.474
	3	0.487
	4	0.496
	5	0.476
	6	0.535
	7	0.621
	8	0.618
	9	0.661
	10	0.539
	11	0.422
	12	0.437
2023
	1	0.383
	2	0.437
	3	0.388
	4	0.441
	5	0.199
	6	0.236
	7	0.2895
	8	0.311
	9	0.315
	10	0.28500000000000003
	11	0.187
	12	0.139
2024
	1	0.19598923550161906
	2	0.2190256882372168
	3	0.24209677941032748
	4	0.2915645078147904
	5	0.2864784592111427
	6	0.3250910888820764
	7	0.3718188094026793
	8	0.40446143816393665
	9	0.38374859252920235
	10	0.36109321314380693
	11	0.28307960001212784
	12	0.23134544437668758
2025
	1	0.1992878618909808
	2	0.22220037465171227
	3	0.24498941069846225
	4	0.29511062669932553
	5	0.28936007668231145
	6	0.32785285318167645
	7	0.37456132226448613
	8	0.40766032027330645
	9	0.3864038354632102
	10	0.36434299499004474
	11	0.286465250379873
	12	0.2348607926309514
2026
	1	0.20258648828034254
	2	0.22537506106620775
	3	0.2478820419865979
	4	0.2986567455838607
	5	0.29224169415347934
	6	0.3306146174812765
	7	0.37730383512629295
	8	0.41085920238267626
	9	0.3890590783972181
	10	0.36759277683628255
	11	0.2898509007476182
	12	0.23837614088521608
2027
	1	0.20588511466970338
	2	0.22854974748070322
	3	0.2507746732747327
	4	0.30220286446839584
	5	0.2951233116246481
	6	0.3333763817808766
	7	0.3800463479880998
	8	0.41405808449204606
	9	0.39171432133122597
	10	0.37084255868252036
	11	0.2932365511153625
	12	0.24189148913948078
2028
	1	0.20918374105906512
	2	0.2317244338951987
	3	0.25366730456286746
	4	0.305748983352931
	5	0.298004929095816
	6	0.33613814608047665
	7	0.3827888608499066
	8	0.41725696660141676
	9	0.39436956426523473
	10	0.37409234052875817
	11	0.2966222014831077
	12	0.24540683739374547
2029
	1	0.21248236744842686
	2	0.23489912030969418
	3	0.25655993585100223
	4	0.30929510223746615
	5	0.30088654656698477
	6	0.3388999103800767
	7	0.3855313737117134
	8	0.42045584871078656
	9	0.3970248071992426
	10	0.377342122374996
	11	0.3000078518508529
	12	0.24892218564801016
2030
	1	0.2157809938377886
	2	0.23807380672418965
	3	0.259452567139137
	4	0.3128412211220013
	5	0.30376816403815265
	6	0.3416616746796768
	7	0.38827388657351936
	8	0.42365473082015637
	9	0.3996800501332505
	10	0.3805919042212338
	11	0.30339350221859807
	12	0.25243753390227397
2031
	1	0.21907962022714944
	2	0.24124849313868513
	3	0.2623451984272718
	4	0.31638734000653645
	5	0.30664978150932143
	6	0.34442343897927685
	7	0.3910163994353262
	8	0.42685361292952617
	9	0.40233529306725835
	10	0.3838416860674716
	11	0.30677915258634236
	12	0.25595288215653866
2032
	1	0.22237824661651118
	2	0.2444231795531806
	3	0.26523782971540655
	4	0.3199334588910716
	5	0.3095313989804893
	6	0.3471852032788769
	7	0.393758912297133
	8	0.43005249503889686
	9	0.4049905360012671
	10	0.3870914679137094
	11	0.31016480295408755
	12	0.25946823041080336
2033
	1	0.2256768730058729
	2	0.24759786596767608
	3	0.2681304610035413
	4	0.32347957777560676
	5	0.3124130164516581
	6	0.349946967578477
	7	0.3965014251589398
	8	0.43325137714826667
	9	0.407645778935275
	10	0.3903412497599472
	11	0.31355045332183273
	12	0.26298357866506805
2034
	1	0.22897549939523465
	2	0.25077255238217155
	3	0.2710230922916761
	4	0.3270256966601419
	5	0.315294633922826
	6	0.35270873187807705
	7	0.39924393802074665
	8	0.4364502592576365
	9	0.41030102186928286
	10	0.393591031606185
	11	0.31693610368957703
	12	0.26649892691933275
2035
	1	0.2322741257845955
	2	0.25394723879666703
	3	0.27391572357981087
	4	0.3305718155446771
	5	0.31817625139399475
	6	0.3554704961776771
	7	0.40198645088255347
	8	0.4396491413670063
	9	0.41295626480329073
	10	0.39684081345242284
	11	0.3203217540573222
	12	0.27001427517359655
2036
	1	0.23557275217395723
	2	0.2571219252111625
	3	0.27680835486794564
	4	0.3341179344292122
	5	0.32105786886516263
	6	0.3582322604772772
	7	0.4047289637443603
	8	0.4428480234763761
	9	0.4156115077372986
	10	0.40009059529866065
	11	0.3237074044250674
	12	0.27352962342786125
2037
	1	0.23887137856331897
	2	0.260296611625658
	3	0.2797009861560804
	4	0.3376640533137474
	5	0.3239394863363314
	6	0.36099402477687725
	7	0.4074714766061671
	8	0.4460469055857468
	9	0.41826675067130736
	10	0.40334037714489845
	11	0.3270930547928117
	12	0.27704497168212594
2038
	1	0.2421700049526807
	2	0.26347129804015434
	3	0.2825936174442152
	4	0.34121017219828254
	5	0.3268211038074993
	6	0.3637557890764773
	7	0.41021398946797394
	8	0.4492457876951166
	9	0.42092199360531524
	10	0.40659015899113626
	11	0.3304787051605569
	12	0.28056031993639063
2039
	1	0.24546863134204155
	2	0.2666459844546498
	3	0.28548624873234996
	4	0.3447562910828177
	5	0.32970272127866806
	6	0.3665175533760774
	7	0.41295650232978076
	8	0.4524446698044864
	9	0.4235772365393231
	10	0.4098399408373741
	11	0.33386435552830207
	12	0.28407566819065533
2040
	1	0.2487672577314033
	2	0.2698206708691453
	3	0.28837888002048473
	4	0.34830240996735284
	5	0.33258433874983595
	6	0.36927931767567745
	7	0.4156990151915876
	8	0.4556435519138562
	9	0.426232479473331
	10	0.4130897226836119
	11	0.33725000589604637
	12	0.28759101644492
2041
	1	0.252065884120765
	2	0.27299535728364077
	3	0.2912715113086195
	4	0.351848528851888
	5	0.3354659562210047
	6	0.3720410819752775
	7	0.4184415280533944
	8	0.458842434023226
	9	0.42888772240733886
	10	0.4163395045298497
	11	0.34063565626379155
	12	0.29110636469918383
2042
	1	0.25536451051012676
	2	0.27617004369813625
	3	0.2941641425967543
	4	0.35539464773642315
	5	0.3383475736921726
	6	0.3748028462748776
	7	0.42118404091520034
	8	0.4620413161325967
	9	0.4315429653413476
	10	0.4195892863760875
	11	0.34402130663153674
	12	0.2946217129534485
2043
	1	0.2586631368994876
	2	0.2793447301126317
	3	0.29705677388488905
	4	0.3589407666209583
	5	0.3412291911633414
	6	0.37756461057447765
	7	0.42392655377700716
	8	0.4652401982419665
	9	0.4341982082753555
	10	0.4228390682223253
	11	0.3474069569992819
	12	0.2981370612077132
2044
	1	0.26196176328884935
	2	0.2825194165271272
	3	0.2999494051730238
	4	0.36248688550549346
	5	0.34411080863450927
	6	0.3803263748740777
	7	0.426669066638814
	8	0.4684390803513363
	9	0.43685345120936336
	10	0.4260888500685631
	11	0.3507926073670262
	12	0.3016524094619779
2045
	1	0.2652603896782111
	2	0.2856941029416227
	3	0.3028420364611586
	4	0.3660330043900286
	5	0.34699242610567804
	6	0.3830881391736778
	7	0.4294115795006208
	8	0.4716379624607061
	9	0.43950869414337124
	10	0.42933863191480093
	11	0.3541782577347714
	12	0.3051677577162426
2046
	1	0.2685590160675728
	2	0.28886878935611815
	3	0.30573466774929337
	4	0.36957912327456377
	5	0.34987404357684593
	6	0.38584990347327786
	7	0.43215409236242763
	8	0.4748368445700768
	9	0.44216393707738
	10	0.43258841376103874
	11	0.3575639081025166
	12	0.3086831059705064
2047
	1	0.27185764245693367
	2	0.2920434757706136
	3	0.30862729903742814
	4	0.3731252421590989
	5	0.3527556610480147
	6	0.3886116677728779
	7	0.43489660522423446
	8	0.4780357266794466
	9	0.44481918001138787
	10	0.43583819560727655
	11	0.3609495584702609
	12	0.3121984542247711
2048
	1	0.2751562688462954
	2	0.2952181621851091
	3	0.3115199303255629
	4	0.3766713610436341
	5	0.3556372785191826
	6	0.391373432072478
	7	0.4376391180860413
	8	0.4812346087888164
	9	0.44747442294539574
	10	0.43908797745351436
	11	0.3643352088380061
	12	0.3157138024790358
2049
	1	0.27845489523565714
	2	0.2983928485996046
	3	0.3144125616136977
	4	0.38021747992816923
	5	0.3585188959903505
	6	0.39413519637207806
	7	0.4403816309478481
	8	0.4844334908981862
	9	0.4501296658794036
	10	0.44233775929975216
	11	0.36772085920575126
	12	0.3192291507333005
2050
	1	0.281753521625018
	2	0.30156753501410005
	3	0.31730519290183246
	4	0.3837635988127044
	5	0.36140051346151925
	6	0.3968969606716781
	7	0.4431241438096549
	8	0.487632373007556
	9	0.4527849088134115
	10	0.44558754114599
	11	0.37110650957349556
	12	0.3227444989875652
2051
	1	0.2850521480143797
	2	0.3047422214285955
	3	0.32019782418996723
	4	0.38730971769723954
	5	0.36428213093268713
	6	0.3996587249712782
	7	0.44586665667146175
	8	0.4908312551169267
	9	0.45544015174742025
	10	0.4488373229922278
	11	0.37449215994124074
	12	0.326259847241829
2052
	1	0.28835077440374146
	2	0.307916907843091
	3	0.323090455478102
	4	0.3908558365817747
	5	0.3671637484038559
	6	0.40242048927087826
	7	0.44860916953326857
	8	0.4940301372262965
	9	0.4580953946814281
	10	0.4520871048384656
	11	0.37787781030898593
	12	0.3297751954960937
2053
	1	0.2916494007931032
	2	0.3110915942575865
	3	0.3259830867662368
	4	0.39440195546630985
	5	0.3700453658750238
	6	0.4051822535704783
	7	0.4513516823950754
	8	0.4972290193356663
	9	0.460750637615436
	10	0.4553368866847034
	11	0.3812634606767302
	12	0.3332905437503584
2054
	1	0.29494802718246405
	2	0.31426628067208195
	3	0.32887571805437155
	4	0.397948074350845
	5	0.37292698334619256
	6	0.4079440178700784
	7	0.4540941952568822
	8	0.5004279014450361
	9	0.46340588054944387
	10	0.4585866685309412
	11	0.3846491110444754
	12	0.3368058920046231
2055
	1	0.2982466535718258
	2	0.31744096708657743
	3	0.3317683493425063
	4	0.40149419323538016
	5	0.37580860081736045
	6	0.41070578216967846
	7	0.45683670811868815
	8	0.5036267835544068
	9	0.46606112348345263
	10	0.461836450377179
	11	0.3880347614122206
	12	0.34032124025888777
2056
	1	0.3015452799611875
	2	0.3206156535010729
	3	0.3346609806306411
	4	0.4050403121199153
	5	0.3786902182885292
	6	0.4134675464692785
	7	0.459579220980495
	8	0.5068256656637766
	9	0.4687163664174605
	10	0.46508623222341683
	11	0.3914204117799658
	12	0.3438365885131516
2057
	1	0.30484390635054925
	2	0.3237903399155684
	3	0.33755361191877586
	4	0.40858643100445047
	5	0.3815718357596971
	6	0.4162293107688786
	7	0.4623217338423018
	8	0.5100245477731464
	9	0.4713716093514684
	10	0.46833601406965464
	11	0.3948060621477101
	12	0.34735193676741627
2058
	1	0.3081425327399101
	2	0.32696502633006386
	3	0.34044624320691064
	4	0.4121325498889856
	5	0.3844534532308659
	6	0.41899107506847866
	7	0.4650642467041086
	8	0.5132234298825162
	9	0.47402685228547625
	10	0.47158579591589245
	11	0.39819171251545527
	12	0.35086728502168096
2059
	1	0.31144115912927184
	2	0.3301397127445602
	3	0.3433388744950454
	4	0.4156786687735208
	5	0.38733507070203377
	6	0.4217528393680787
	7	0.46780675956591544
	8	0.516422311991886
	9	0.4766820952194841
	10	0.47483557776213026
	11	0.40157736288320045
	12	0.35438263327594566
2060
	1	0.3147397855186336
	2	0.3333143991590557
	3	0.3462315057831802
	4	0.41922478765805593
	5	0.39021668817320254
	6	0.4245146036676788
	7	0.47054927242772226
	8	0.5196211941012567
	9	0.4793373381534929
	10	0.47808535960836807
	11	0.40496301325094475
	12	0.35789798153021035
2061
	1	0.3180384119079953
	2	0.33648908557355117
	3	0.34912413707131495
	4	0.4227709065425911
	5	0.3930983056443704
	6	0.42727636796727886
	7	0.4732917852895291
	8	0.5228200762106265
	9	0.48199258108750076
	10	0.4813351414546059
	11	0.40834866361868993
	12	0.36141332978447505
2062
	1	0.32133703829735616
	2	0.33966377198804665
	3	0.3520167683594497
	4	0.42631702542712624
	5	0.3959799231155392
	6	0.4300381322668789
	7	0.4760342981513359
	8	0.5260189583199963
	9	0.48464782402150863
	10	0.4845849233008437
	11	0.4117343139864351
	12	0.36492867803873885
2063
	1	0.3246356646867179
	2	0.3428384584025421
	3	0.3549093996475845
	4	0.4298631443116614
	5	0.3988615405867071
	6	0.432799896566479
	7	0.47877681101314273
	8	0.5292178404293661
	9	0.4873030669555165
	10	0.4878347051470815
	11	0.4151199643541794
	12	0.36844402629300355
2064
	1	0.32793429107607963
	2	0.3460131448170376
	3	0.3578020309357193
	4	0.43340926319619655
	5	0.40174315805787586
	6	0.43556166086607906
	7	0.48151932387494956
	8	0.532416722538736
	9	0.4899583098895244
	10	0.4910844869933193
	11	0.4185056147219246
	12	0.37195937454726824
2065
	1	0.33123291746544137
	2	0.3491878312315331
	3	0.36069466222385405
	4	0.4369553820807317
	5	0.40462477552904375
	6	0.4383234251656791
	7	0.4842618367367564
	8	0.5356156046481066
	9	0.49261355282353314
	10	0.4943342688395571
	11	0.4218912650896698
	12	0.37547472280153293
2066
	1	0.3345315438548022
	2	0.35236251764602855
	3	0.3635872935119888
	4	0.44050150096526686
	5	0.4075063930002125
	6	0.4410851894652792
	7	0.4870043495985632
	8	0.5388144867574765
	9	0.495268795757541
	10	0.4975840506857949
	11	0.4252769154574141
	12	0.37899007105579763
2067
	1	0.33783017024416395
	2	0.355537204060524
	3	0.3664799248001236
	4	0.444047619849802
	5	0.4103880104713804
	6	0.44384695376487926
	7	0.48974686246036914
	8	0.5420133688668463
	9	0.4979240386915489
	10	0.5008338325320327
	11	0.42866256582515927
	12	0.38250541931006143
2068
	1	0.3411287966335257
	2	0.3587118904750195
	3	0.36937255608825836
	4	0.44759373873433717
	5	0.4132696279425492
	6	0.4466087180644793
	7	0.49248937532217596
	8	0.5452122509762161
	9	0.5005792816255568
	10	0.5040836143782705
	11	0.43204821619290446
	12	0.38602076756432613
2069
	1	0.3444274230228874
	2	0.361886576889515
	3	0.37226518737639314
	4	0.4511398576188723
	5	0.41615124541371706
	6	0.4493704823640794
	7	0.4952318881839828
	8	0.5484111330855868
	9	0.5032345245595655
	10	0.5073333962245083
	11	0.43543386656064964
	12	0.3895361158185908
2070
	1	0.3477260494122483
	2	0.36506126330401045
	3	0.3751578186645279
	4	0.4546859765034075
	5	0.41903286288488584
	6	0.45213224666367946
	7	0.4979744010457896
	8	0.5516100151949566
	9	0.5058897674935734
	10	0.5105831780707462
	11	0.43881951692839394
	12	0.3930514640728555
2071
	1	0.35102467580161
	2	0.36823594971850593
	3	0.37805044995266357
	4	0.45823209538794263
	5	0.4219144803560537
	6	0.4548940109632795
	7	0.5007169139075964
	8	0.5548088973043264
	9	0.5085450104275813
	10	0.513832959916984
	11	0.4422051672961391
	12	0.3965668123271202
2072
	1	0.35432330219097175
	2	0.3714106361330014
	3	0.38094308124079834
	4	0.4617782142724778
	5	0.4247960978272225
	6	0.4576557752628796
	7	0.5034594267694033
	8	0.5580077794136962
	9	0.5112002533615891
	10	0.5170827417632218
	11	0.4455908176638843
	12	0.400082160581384
2073
	1	0.3576219285803335
	2	0.3745853225474969
	3	0.3838357125289331
	4	0.46532433315701294
	5	0.4276777152983904
	6	0.46041753956247966
	7	0.5062019396312101
	8	0.561206661523066
	9	0.513855496295597
	10	0.5203325236094596
	11	0.4489764680316286
	12	0.4035975088356487
2074
	1	0.36092055496969433
	2	0.37776000896199236
	3	0.3867283438170679
	4	0.468870452041549
	5	0.43055933276955916
	6	0.4631793038620797
	7	0.5089444524930169
	8	0.5644055436324367
	9	0.5165107392296058
	10	0.5235823054556974
	11	0.4523621183993738
	12	0.4071128570899134
