time	level
198101	-0.311
198102	-0.261
198103	-0.288
198104	-0.214
198105	-0.246
198106	-0.158
198107	-0.070
198108	0.032
198109	-0.074
198110	-0.059
198111	-0.149
198112	-0.252
198201	-0.316
198202	-0.252
198203	-0.215
198204	-0.181
198205	-0.142
198206	-0.181
198207	-0.138
198208	-0.089
198209	-0.050
198210	-0.074
198211	-0.193
198212	-0.197
198301	-0.296
198302	-0.194
198303	-0.101
198304	-
198305	-
198306	-
198307	-
198308	-
198309	-
198310	-
198311	-
198312	-
198401	-
198402	-
198403	-
198404	-
198405	-
198406	-
198407	-
198408	-
198409	-0.032
198410	-0.026
198411	-0.084
198412	-0.197
198501	-0.256
198502	-0.125
198503	-0.186
198504	-0.163
198505	-0.068
198506	0.046
198507	0.036
198508	0.111
198509	-0.042
198510	-0.159
198511	-0.175
198512	-0.261
198601	-0.297
198602	-0.270
198603	-0.237
198604	-0.213
198605	-0.133
198606	-0.113
198607	-0.011
198608	0.032
198609	-0.016
198610	-0.105
198611	-0.123
198612	-0.106
198701	-0.139
198702	-0.148
198703	-0.097
198704	-0.061
198705	-0.022
198706	0.005
198707	0.069
198708	0.073
198709	0.079
198710	0.025
198711	-0.023
198712	-0.048
198801	-0.094
198802	-0.164
198803	-0.134
198804	-0.190
198805	-0.187
198806	-0.221
198807	-0.268
198808	0.085
198809	-0.016
198810	-0.029
198811	-0.049
198812	-0.229
198901	-0.176
198902	-0.142
198903	-0.121
198904	-0.066
198905	-0.033
198906	0.058
198907	0.069
198908	0.209
198909	0.105
198910	-0.090
198911	-0.084
198912	-0.095
199001	-0.088
199002	-0.105
199003	-0.176
199004	-0.087
199005	-0.075
199006	0.046
199007	-0.028
199008	0.018
199009	0.049
199010	0.040
199011	-0.039
199012	-0.172
199101	-0.137
199102	-0.086
199103	-0.028
199104	-0.011
199105	-0.036
199106	-
199107	-
199108	-
199109	-
199110	-
199111	-0.138
199112	-0.144
199201	-0.169
199202	-0.164
199203	-0.106
199204	-0.034
199205	-0.005
199206	0.015
199207	0.001
199208	0.108
199209	0.079
199210	0.018
199211	-0.061
199212	-0.150
199301	-
199302	-
199303	-
199304	-
199305	-
199306	-
199307	-
199308	-
199309	-
199310	-
199311	-
199312	-
199401	-
199402	-
199403	-
199404	-
199405	-
199406	-0.124
199407	-0.016
199408	0.060
199409	0.065
199410	0.021
199411	-0.109
199412	-0.143
199501	-0.123
199502	-0.106
199503	-0.092
199504	-0.043
199505	0.016
199506	0.051
199507	0.030
199508	0.034
199509	0.043
199510	-0.006
199511	-0.113
199512	-0.105
199601	-
199602	-
199603	-
199604	-0.148
199605	-0.036
199606	0.004
199607	0.045
199608	-0.032
199609	-0.016
199610	-0.094
199611	-0.201
199612	-
199701	-0.152
199702	-0.122
199703	-0.083
199704	-0.049
199705	0.022
199706	0.137
199707	0.159
199708	0.193
199709	0.173
199710	0.021
199711	-0.046
199712	-0.071
199801	-0.120
199802	-0.140
199803	-0.110
199804	-0.083
199805	-0.017
199806	0.101
199807	0.103
199808	0.110
199809	0.113
199810	0.039
199811	-0.042
199812	-0.090
199901	-0.111
199902	-0.155
199903	0.000
199904	-0.027
199905	-0.025
199906	0.058
199907	0.154
199908	0.150
199909	0.122
199910	0.068
199911	0.018
199912	-0.141
200001	-0.062
200002	-0.037
200003	-0.017
200004	-0.004
200005	0.017
200006	0.073
200007	0.116
200008	0.147
200009	0.158
200010	0.068
200011	-0.012
200012	-0.066
200101	0.035
200102	-0.042
200103	-0.025
200104	0.018
200105	0.055
200106	0.113
200107	0.137
200108	0.199
200109	0.216
200110	0.080
200111	-0.052
200112	-0.112
200201	-0.198
200202	-0.107
200203	-0.078
200204	0.003
200205	0.096
200206	0.125
200207	0.229
200208	0.204
200209	0.190
200210	0.089
200211	0.008
200212	-0.009
200301	-0.184
200302	-0.121
200303	-0.114
200304	-0.061
200305	0.120
200306	-0.050
200307	-0.037
200308	0.124
200309	0.295
200310	-
200311	0.054
200312	-0.209
200401	-0.187
200402	-0.197
200403	-0.088
200404	0.001
200405	0.139
200406	-
200407	0.193
200408	0.329
200409	0.217
200410	0.148
200411	0.008
200412	-0.028
200501	-0.024
200502	-0.006
200503	-0.093
200504	0.016
200505	0.117
200506	0.128
200507	0.147
200508	0.218
200509	0.195
200510	0.098
200511	0.037
200512	-0.050
200601	0.004
200602	-0.024
200603	-0.025
200604	0.037
200605	0.061
200606	0.146
200607	0.171
200608	0.208
200609	0.189
200610	0.119
200611	0.020
200612	-0.037
200701	-0.102
200702	-0.071
200703	0.030
200704	-0.017
200705	0.041
200706	0.121
200707	0.136
200708	0.196
200709	0.205
200710	0.054
200711	0.024
200712	-0.015
200801	-0.068
200802	-0.033
200803	0.013
200804	0.072
200805	0.154
200806	0.181
200807	0.183
200808	0.218
200809	0.190
200810	0.084
200811	0.030
200812	-0.033
200901	-0.056
200902	-0.059
200903	-0.050
200904	0.019
200905	0.087
200906	0.167
200907	0.131
200908	0.216
200909	0.219
200910	0.131
200911	0.051
200912	-0.013
201001	-0.104
201002	-0.011
201003	-0.036
201004	-0.002
201005	0.083
201006	0.098
201007	0.169
201008	0.207
201009	0.185
201010	0.167
201011	0.091
201012	0.035
201101	-0.072
201102	-0.015
201103	-0.089
201104	-0.021
201105	0.064
201106	0.121
201107	0.187
201108	0.237
201109	0.223
201110	0.121
201111	0.052
201112	-0.023
201201	-0.016
201202	0.015
201203	0.054
201204	0.059
201205	0.169
201206	0.211
201207	0.182
201208	0.131
201209	0.071
201210	0.038
201211	0.065
201212	0.010
201301	-0.011
201302	-0.004
201303	0.036
201304	0.093
201305	0.146
201306	0.171
201307	0.165
201308	0.234
201309	0.188
201310	0.215
201311	-0.001
201312	-0.014
201401	-0.052
201402	0.046
201403	0.016
201404	0.083
201405	0.114
201406	0.206
201407	0.199
201408	0.256
201409	0.206
201410	0.174
201411	0.064
201412	-0.012
201501	-0.040
201502	-0.017
201503	-0.016
201504	0.023
201505	0.103
201506	0.158
201507	0.222
201508	0.281
201509	0.223
201510	0.112
201511	0.072
201512	0.012
201601	0.032
201602	0.027
201603	0.025
201604	0.136
201605	0.186
201606	0.202
201607	0.180
201608	0.292
201609	0.293
201610	0.204
201611	0.166
201612	0.054
201701	0.012
201702	0.062
201703	0.096
201704	0.111
201705	0.081
201706	0.220
201707	0.220
201708	0.245
201709	0.244
201710	0.251
201711	0.082
201712	-0.008
201801	-0.025
201802	0.015
201803	0.026
201804	0.047
201805	0.118
201806	0.133
201807	0.178
201808	0.250
201809	0.189
201810	0.040
201811	-0.005
201812	-
201901	0.011
201902	-0.006
201903	0.051
201904	0.070
201905	0.105
201906	0.158
201907	0.221
201908	0.247
201909	0.219
201910	0.149
201911	0.035
201912	-0.048
202001	0.029
202002	-0.010
202003	0.022
202004	0.029
202005	0.111
202006	0.172
202007	0.174
202008	0.187
202009	0.233
202010	0.160
202011	0.011
202012	0.030
202101	-0.042
202102	-0.030
202103	-0.024
202104	0.047
202105	0.093
202106	0.182
202107	0.239
202108	0.229
202109	0.188
202110	0.148
202111	0.038
202112	-0.034
202201	0.017
202202	0.041
202203	0.070
202204	0.037
202205	0.108
202206	0.220
202207	0.278
202208	0.270
202209	0.318
202210	0.134
202211	0.101
202212	-0.001
202301	0.016
202302	0.023
202303	0.026
202304	0.077
202305	-
202306	-
202307	-
202308	-
202309	-
202310	-
202311	-
202312	-
