time	level
194701	0.039
194702	0.045
194703	0.081
194704	0.099
194705	0.1465
194706	0.105
194707	0.139
194708	0.157
194709	0.209
194710	0.224
194711	0.181
194712	0.052
194801	0.044
194802	0.036
194803	0.019
194804	0.021
194805	0.143
194806	0.153
194807	0.163
194808	0.208
194809	0.2
194810	0.172
194811	0.085
194812	-0.021
194901	0.014
194902	-0.009
194903	0.002
194904	0.071
194905	0.121
194906	0.2
194907	0.168
194908	0.242
194909	0.17
194910	0.18
194911	0.079
194912	-0.022
195001	-0.034
195002	-0.006
195003	0.01
195004	0.098
195005	0.145
195006	0.174
195007	0.193
195008	0.174
195009	0.182
195010	0.175
195011	0.149
195012	0.014
195101	-0.019
195102	-0.042
195103	0.018
195104	0.098
195105	0.132
195106	0.176
195107	0.195
195108	0.214
195109	0.234
195110	0.213
195111	0.054
195112	-0.008999999999999998
195201	-0.072
195202	0.019
195203	0.079
195204	0.146
195205	0.096
195206	0.182
195207	0.295
195208	0.293
195209	0.249
195210	0.222
195211	0.156
195212	0.0665
195301	-0.057
195302	0.005
195303	-0.031
195304	0.049
195305	0.138
195306	0.197
195307	0.168
195308	0.244
195309	0.216
195310	0.155
195311	0.134
195312	0.05
195401	0.063
195402	0.05
195403	0.106
195404	0.123
195405	0.098
195406	0.212
195407	0.229
195408	0.278
195409	0.217
195410	0.199
195411	0.12
195412	-0.016
195501	-0.094
195502	-0.04
195503	0.016
195504	-0.028
195505	0.042
195506	0.067
195507	0.135
195508	0.204
195509	0.154
195510	0.142
195511	0.08
195512	0.032
195601	0.039
195602	0.045
195603	0.081
195604	0.099
195605	0.1465
195606	0.186
195607	0.23
195608	0.2685
195609	0.249
195610	0.222
195611	0.156
195612	0.0665
195701	0.039
195702	0.045
195703	0.081
195704	0.099
195705	0.1465
195706	0.186
195707	0.23
195708	0.2685
195709	0.249
195710	0.222
195711	0.156
195712	0.0665
195801	0.039
195802	0.045
195803	0.081
195804	0.099
195805	0.1465
195806	0.186
195807	0.23
195808	0.2685
195809	0.249
195810	0.222
195811	0.156
195812	0.0665
195901	0.039
195902	0.045
195903	0.081
195904	0.099
195905	0.1465
195906	0.186
195907	0.23
195908	0.2685
195909	0.249
195910	0.222
195911	0.156
195912	0.0665
196001	-0.014
196002	-0.047
196003	0.075
196004	0.05
196005	0.008
196006	0.19
196007	0.127
196008	0.224
196009	0.199
196010	0.254
196011	0.111
196012	-0.013
196101	-0.037
196102	0.052
196103	0.032
196104	0.019
196105	0.07
196106	0.133
196107	0.231
196108	0.273
196109	0.241
196110	0.189
196111	0.12
196112	0.038
196201	0.015
196202	-0.032
196203	-0.017
196204	0.051
196205	0.062
196206	0.085
196207	0.182
196208	0.196
196209	0.138
196210	0.206
196211	0.137
196212	0.038
196301	-0.027
196302	-0.038
196303	0.014
196304	0.02
196305	0.086
196306	0.173
196307	0.132
196308	0.142
196309	0.183
196310	0.225
196311	0.111
196312	0.045
196401	0.039
196402	0.045
196403	0.009
196404	-0.021
196405	0.132
196406	0.149
196407	0.157
196408	0.231
196409	0.26
196410	0.184
196411	0.157
196412	0.07
196501	0.039
196502	0.045
196503	0.081
196504	0.099
196505	0.1465
196506	0.186
196507	0.23
196508	0.2685
196509	0.249
196510	0.222
196511	0.156
196512	0.0665
196601	0.039
196602	0.045
196603	0.081
196604	0.099
196605	0.1465
196606	0.186
196607	0.23
196608	0.2685
196609	0.249
196610	0.222
196611	0.156
196612	0.0665
196701	0.039
196702	0.045
196703	0.081
196704	0.099
196705	0.1465
196706	0.186
196707	0.23
196708	0.2685
196709	0.249
196710	0.222
196711	0.156
196712	0.0665
196801	0.039
196802	0.045
196803	0.081
196804	0.099
196805	0.1465
196806	0.186
196807	0.23
196808	0.2685
196809	0.249
196810	0.222
196811	0.156
196812	0.0665
196901	-0.031
196902	-0.028
196903	0.024
196904	0.048
196905	0.132
196906	0.173
196907	0.28
196908	0.298
196909	0.285
196910	0.247
196911	0.266
196912	0.164
197001	-0.098
197002	-0.107
197003	-0.021
197004	-0.088
197005	-0.015
197006	0.02
197007	0.101
197008	0.179
197009	0.206
197010	0.232
197011	0.157
197012	0.032
197101	0.047
197102	0.057
197103	0.095
197104	0.072
197105	0.09
197106	0.147
197107	0.218
197108	0.199
197109	0.202
197110	0.186
197111	0.102
197112	0.093
197201	0.092
197202	0.087
197203	0.078
197204	0.024
197205	0.071
197206	0.142
197207	0.242
197208	0.183
197209	0.139
197210	0.066
197211	0.045
197212	-0.002
197301	-0.054
197302	-0.056
197303	-0.007
197304	0.014
197305	0.012
197306	0.081
197307	0.14150000000000001
197308	0.202
197309	0.124
197310	0.18
197311	0.158
197312	0.065
197401	0.018
197402	0.03
197403	0.072
197404	0.097
197405	0.177
197406	0.135
197407	0.145
197408	0.189
197409	0.171
197410	0.212
197411	0.156
197412	0.087
197501	0.036
197502	0.065
197503	0.14
197504	0.104
197505	0.16
197506	0.096
197507	0.151
197508	0.26
197509	0.255
197510	0.209
197511	0.114
197512	0.028
197601	-0.02
197602	0.078
197603	0.006
197604	0.098
197605	0.154
197606	0.15
197607	0.239
197608	0.225
197609	0.242
197610	0.104
197611	0.049
197612	-0.028
197701	0.074
197702	-0.035
197703	-0.008
197704	0.076
197705	0.189
197706	0.271
197707	0.332
197708	0.324
197709	0.398
197710	0.281
197711	0.246
197712	0.068
197801	0.039
197802	0.062
197803	0.106
197804	0.094
197805	0.182
197806	0.17
197807	0.254
197808	0.278
197809	0.276
197810	0.321
197811	0.153
197812	0.06
197901	-0.043
197902	0.003
197903	0.081
197904	0.149
197905	0.146
197906	0.234
197907	0.29
197908	0.316
197909	0.244
197910	0.312
197911	0.179
197912	0.036
198001	0.128
198002	0.149
198003	0.187
198004	0.125
198005	0.192
198006	0.133
198007	0.166
198008	0.282
198009	0.31
198010	0.225
198011	0.234
198012	0.141
198101	0.136
198102	0.142
198103	0.195
198104	0.208
198105	0.18
198106	0.141
198107	0.133
198108	0.213
198109	0.269
198110	0.248
198111	0.113
198112	0.032
198201	-0.07
198202	-0.038
198203	0.008
198204	0.095
198205	0.139
198206	0.171
198207	0.171
198208	0.162
198209	0.242
198210	0.156
198211	0.015
198212	0.028
198301	-0.038
198302	-0.029
198303	0.024
198304	0.025
198305	0.065
198306	0.127
198307	0.137
198308	0.173
198309	0.162
198310	0.134
198311	0.104
198312	0.015
198401	0.03
198402	0.033
198403	0.002
198404	0.075
198405	0.127
198406	0.238
198407	0.272
198408	0.306
198409	0.172
198410	0.212
198411	0.142
198412	-0.016
198501	-0.138
198502	0.0
198503	0.04
198504	0.039
198505	0.079
198506	0.239
198507	0.18
198508	0.209
198509	0.182
198510	0.113
198511	0.054
198512	0.033
198601	-0.047
198602	-0.019
198603	0.096
198604	0.087
198605	0.164
198606	0.166
198607	0.198
198608	0.235
198609	0.191
198610	0.141
198611	0.145
198612	0.031
198701	0.001
198702	-0.048
198703	0.009
198704	0.189
198705	0.247
198706	0.105
198707	0.207
198708	0.201
198709	0.23
198710	0.169
198711	0.1
198712	0.132
198801	0.064
198802	0.017
198803	0.125
198804	0.13
198805	0.174
198806	0.202
198807	0.219
198808	0.267
198809	0.256
198810	0.311
198811	0.074
198812	-0.012
198901	0.039
198902	0.009
198903	0.072
198904	0.099
198905	0.134
198906	0.162
198907	0.238
198908	0.289
198909	0.214
198910	0.183
198911	0.217
198912	0.147
199001	0.056
199002	0.012
199003	0.025
199004	0.103
199005	0.112
199006	0.226
199007	0.258
199008	0.349
199009	0.295
199010	0.201
199011	0.183
199012	0.078
199101	0.045
199102	0.069
199103	0.119
199104	0.138
199105	0.185
199106	0.243
199107	0.289
199108	0.377
199109	0.354
199110	0.321
199111	0.156
199112	0.089
199201	-0.017
199202	-0.026
199203	0.042
199204	0.09
199205	0.106
199206	0.112
199207	0.123
199208	0.213
199209	0.262
199210	0.222
199211	0.127
199212	0.031
199301	-0.033
199302	0.008
199303	0.054
199304	0.121
199305	0.135
199306	0.075
199307	0.145
199308	0.265
199309	0.249
199310	0.193
199311	0.102
199312	0.132
199401	0.119
199402	0.123
199403	0.17
199404	0.2
199405	0.147
199406	0.144
199407	0.214
199408	0.24
199409	0.184
199410	0.187
199411	0.028
199412	-0.032
199501	-0.04
199502	-0.048
199503	-0.033
199504	0.07
199505	0.118
199506	0.108
199507	0.151
199508	0.185
199509	0.174
199510	0.108
199511	0.075
199512	0.109
199601	0.045
199602	0.01
199603	-0.018
199604	0.094
199605	0.159
199606	0.224
199607	0.332
199608	0.243
199609	0.313
199610	0.273
199611	0.074
199612	-0.067
199701	0.006
199702	0.082
199703	0.081
199704	0.092
199705	0.135
199706	0.257
199707	0.288
199708	0.27
199709	0.283
199710	0.152
199711	0.1
199712	0.065
199801	0.004
199802	0.008
199803	0.078
199804	0.084
199805	0.117
199806	0.24
199807	0.195
199808	0.238
199809	0.248
199810	0.185
199811	0.187
199812	0.224
199901	0.228
199902	0.142
199903	0.27
199904	0.297
199905	0.29
199906	0.299
199907	0.363
199908	0.396
199909	0.379
199910	0.401
199911	0.321
199912	0.194
200001	0.152
200002	0.184
200003	0.246
200004	0.218
200005	0.284
200006	0.301
200007	0.389
200008	0.389
200009	0.394
200010	0.342
200011	0.233
200012	0.183
200101	0.215
200102	0.239
200103	0.206
200104	0.283
200105	0.293
200106	0.35
200107	0.408
200108	0.429
200109	0.439
200110	0.315
200111	0.246
200112	0.137
200201	0.125
200202	0.149
200203	0.157
200204	0.216
200205	0.288
200206	0.3
200207	0.397
200208	0.4
200209	0.35
200210	0.331
200211	0.303
200212	0.254
200301	0.153
200302	0.225
200303	0.191
200304	0.224
200305	0.114
200306	0.152
200307	0.191
200308	0.323
200309	0.314
200310	0.268
200311	0.19
200312	0.123
200401	-0.001
200402	0.009
200403	0.142
200404	0.158
200405	0.255
200406	0.299
200407	0.316
200408	0.321
200409	0.272
200410	0.269
200411	0.124
200412	0.027
200501	-0.042
200502	-0.013
200503	-0.043
200504	0.048
200505	0.092
200506	0.158
200507	0.178
200508	0.178
200509	0.214
200510	0.154
200511	0.156
200512	-0.018
200601	0.061
200602	0.104
200603	0.073
200604	0.148
200605	0.163
200606	0.207
200607	0.243
200608	0.239
200609	0.219
200610	0.208
200611	0.145
200612	0.105
200701	-0.026
200702	-0.009
200703	0.109
200704	0.085
200705	0.107
200706	0.132
200707	0.158
200708	0.295
200709	0.249
200710	0.168
200711	0.167
200712	0.059
200801	0.086
200802	0.045
200803	0.081
200804	0.168
200805	0.24
200806	0.23
200807	0.264
200808	0.263
200809	0.234
200810	0.144
200811	0.197
200812	0.0665
200901	0.039
200902	0.275
200903	0.102
200904	0.131
200905	0.17
200906	0.257
200907	0.233
200908	0.327
200909	0.35
200910	0.272
200911	0.178
200912	0.075
201001	0.023
201002	0.054
201003	0.098
201004	0.116
201005	0.155
201006	0.171
201007	0.221
201008	0.299
201009	0.304
201010	0.3
201011	0.217
201012	0.145
201101	0.065
201102	0.099
201103	0.11
201104	0.099
201105	0.169
201106	0.226
201107	0.295
201108	0.322
201109	0.304
201110	0.273
201111	0.195
201112	0.113
201201	0.047
201202	0.159
201203	0.252
201204	0.218
201205	0.273
201206	0.301
201207	0.293
201208	0.343
201209	0.345
201210	0.331
201211	0.192
201212	0.146
201301	0.107
201302	0.086
201303	0.125
201304	0.228
201305	0.21
201306	0.21
201307	0.284
201308	0.337
201309	0.305
201310	0.31
201311	0.133
201312	0.074
201401	0.1
201402	0.127
201403	0.124
201404	0.179
201405	0.173
201406	0.267
201407	0.31
201408	0.282
201409	0.275
201410	0.323
201411	0.222
201412	0.147
201501	0.085
201502	0.098
201503	0.131
201504	0.147
201505	0.18
201506	0.198
201507	0.291
201508	0.367
201509	0.314
201510	0.295
201511	0.181
201512	0.137
201601	0.147
201602	0.11
201603	0.151
201604	0.247
201605	0.26
201606	0.212
201607	0.27
201608	0.364
201609	0.39
201610	0.311
201611	0.297
201612	0.192
201701	0.095
201702	0.183
201703	0.237
201704	0.244
201705	0.204
201706	0.303
201707	0.315
201708	0.393
201709	0.372
201710	0.401
201711	0.229
201712	0.152
201801	0.107
201802	0.125
201803	0.177
201804	0.206
201805	0.205
201806	0.338
201807	0.42
201808	0.462
201809	0.442
201810	0.33
201811	0.26
201812	0.214
201901	0.263
201902	0.232
201903	0.263
201904	0.292
201905	0.371
201906	0.378
201907	0.428
201908	0.428
201909	0.419
201910	0.34
201911	0.323
201912	0.169
202001	0.176
202002	0.223
202003	0.215
202004	0.257
202005	0.321
202006	0.374
202007	0.4
202008	0.441
202009	0.446
202010	0.49
202011	0.374
202012	0.307
202101	0.154
202102	0.133
202103	0.22
202104	0.333
202105	0.351
202106	0.365
202107	0.443
202108	0.429
202109	0.411
202110	0.412
202111	0.337
202112	0.306
202201	0.283
202202	0.267
202203	0.276
202204	0.099
202205	0.1465
202206	0.381
202207	0.462
202208	0.461
202209	0.473
202210	0.404
202211	0.261
202212	0.274
202301	0.234
202302	0.277
202303	0.211
202304	0.279
202305	0.1465
202306	0.186
202307	0.23
202308	0.2685
202309	0.249
202310	0.222
202311	0.156
202312	0.0665
